2,38
1 -1.8495 0.0,2 -1.8495 0.0314,3 -32.2635 0.0314,4 -32.2635 27.5378,5 -5.5923 27.5378,6 -5.5923 10.2427,7 -3.3472 10.2427,8 -3.3472 29.1989,9 0.5809 29.1989,10 0.5809 36.7411,11 -1.0331 36.7411,12 -1.0331 30.7437,13 -33.6043 30.7437,14 -33.6043 35.2779,15 -35.7897 35.2779,16 -35.7897 28.9665,17 -51.1632 28.9665,18 -51.1632 32.9292,19 -53.4083 32.9292,20 -53.4083 26.6178,21 -63.3401 26.6178,22 -63.3401 0.5244,23 -61.9585 0.5244,24 -61.9585 24.6804,25 -51.5965 24.6804,26 -51.5965 8.7386,27 -49.3482 8.7386,28 -49.3482 26.7088,29 -33.6388 26.7088,30 -33.6388 0.2104,31 -56.9062 0.2104,32 -56.9062 -1.9217,33 -44.0322 -1.9217,34 -44.0322 -11.0088,35 -59.5187 -11.0088,36 -59.5187 -6.4464,37 -61.0165 -6.4464,38 -61.0165 -18.1932,
0,1 W 1.8495,2 W 1.8497,
1,0 E 1.8495,2 S 0.0,
2,1 N 0.0,0 E 1.8497,3 W 30.414,
3,2 E 30.414,4 S 27.5064,30 W 1.3869,
4,3 N 27.5064,5 E 26.6712,29 W 1.6058,
5,4 W 26.6712,6 N 17.2951,8 E 2.7928,
6,5 S 17.2951,7 E 2.2451,
7,6 W 2.2451,8 S 18.9562,
8,7 N 18.9562,5 W 2.7928,9 E 3.9281,12 E 2.7825,
9,8 W 3.9281,10 S 7.5423,12 W 2.2342,
10,9 N 7.5423,11 W 1.614,
11,10 E 1.614,12 N 5.9974,
12,11 S 5.9974,8 W 2.7825,9 E 2.2342,13 W 32.5712,
13,12 E 32.5712,14 S 4.5342,16 W 2.8169,
14,13 N 4.5342,15 W 2.1854,
15,14 E 2.1854,16 N 6.3114,
16,15 S 6.3114,13 E 2.8169,17 W 15.3734,
17,16 E 15.3734,18 S 3.9627,28 N 2.8967,
18,17 N 3.9627,19 W 2.2451,
19,18 E 2.2451,20 N 6.3114,
20,19 S 6.3114,21 W 9.9318,25 N 2.6525,
21,20 E 9.9318,22 N 26.0934,24 N 2.3796,
22,21 S 26.0934,23 E 1.3816,
23,22 W 1.3816,24 S 24.156,
24,23 N 24.156,21 S 2.3796,25 E 10.362,
25,24 W 10.362,20 S 2.6525,26 N 15.9418,
26,25 S 15.9418,27 E 2.2482,
27,26 W 2.2482,28 S 17.9702,
28,27 N 17.9702,17 S 2.8967,29 E 15.7094,
29,28 W 15.7094,4 E 1.6058,30 N 26.4985,
30,29 S 26.4985,3 E 1.3869,31 W 23.2674,
31,30 E 23.2674,32 N 2.1321,
32,31 S 2.1321,33 E 12.874,
33,32 W 12.874,34 N 9.0872,
34,33 S 9.0872,35 W 15.4865,
35,34 E 15.4865,36 S 4.5624,
36,35 N 4.5624,37 W 1.4978,
37,36 E 1.4978,38 N 11.7467,
38,37 S 11.7467,38 S 448.5553,
